-252.0613938706
-252.6731543793
-248.5875519747
-243.0594916558
-256.8036439625
-254.5924325107
-246.8488839718
-248.3514669483
-267.7757448000
-250.4466760625
-247.0146544304
-241.2675140523
-241.1325479495
-241.2674589694
-243.9402761867
-248.8730988208
-249.0269780341
-251.4385440821
-252.5526705516
-250.8741794838
-242.5524160542
-256.9158994533
-243.7183372896
-258.2350052621
-246.1499076078
-245.5929943869
-245.7102931075
-249.0041426838
-257.3212941059
-262.7722440576
-261.7173457366
-244.9474283617
-243.0737346308
-244.6405627423
-243.4025155753
-244.7345123777
-252.9311311724
-251.7965634855
-247.2900377964
-245.6744326920
-250.1507041230
-253.3700471403
-247.6487009126
-247.0110744312
-248.2522400864
-249.9175855035
-253.9322506459
-241.8103027227
-260.2417625113
-257.0899038198
-247.4308969607
-259.8750560224
-255.6896015534
-251.0140248687
-252.0153409304
-251.4771544228
-244.7095050969
-246.8055603712
-244.8806543537
-244.2060772590
-244.8040802307
-240.6334546061
-244.7375508749
-247.3022263289
-250.1627348087
-251.9330329166
-251.6008644520
-253.2937617523
-245.7775206688
-240.8389144425
-242.3053442068
-243.8857301996
-244.7306860445
-244.7436154976
-245.1434532532
-254.2032815576
-259.3983408487
-244.5937821963
-248.2582195883
-251.8422088977
-242.9981679838
-244.0274407614
-246.3169135142
-240.2439905588
-240.4278719482
-241.8360470232
-245.4877445407
-251.5919113315
-249.0524686440
-249.4617810961
-250.3490468257
-245.6144840557
-250.4673119594
-245.4061460750
-245.2934623132
-247.7798534557
-248.3632825263
-244.9774299224
-247.1186472850
-249.7433234967
-244.9805943150
-245.6966847842
-246.0771074535
-242.6465841272
-243.1073530121
-262.1860013954
-249.6947485075
-246.1291347680
-246.6104768036
-241.5563591766
-244.1573025740
-246.0194050562
-248.5182749724
-244.2111522638
-246.5775181942
-248.7739498936
-244.9404699808
-245.4982720728
-242.8621687163
-244.6939604756
-251.9709800740
-245.5149137974
-244.2489529730
-246.0841171653
-243.5195126372
-254.7974002704
-244.1630972195
-253.4782121264
-257.7372329786
-242.8115091479
-245.8899989230
-246.1809738448
-244.5674852041
-245.6486454899
-243.7270409697
-249.6367842924
-248.4927362006
-242.4408632820
-247.4109705307
-242.6568311313
-244.2196847868
-251.0788249317
-245.6276394048
-244.4692668692
-250.0063232840
-247.3118350474
-240.4491575686
-248.2974549842
-242.1470592410
-244.2921326936
-253.6414145286
-254.0235586195
-247.7522769756
-248.9465018377
-248.5423272300
-240.4384089723
-244.9732672994
-242.0989019298
-262.5901716099
-251.5469603729
-245.0836320877
-241.5169616597
-241.8307147216
-244.1612817070
-240.5102806324
-238.0191785500
-238.9813952022
-237.3476193679
-243.9303526508
-244.7799899188
-248.8927920639
-250.4242123603
-249.3982956256
-250.0520049880
