-82.3817171569
-87.1540122760
-76.8639198848
-77.2109698943
-76.9888271710
-76.9888091443
-81.2751321091
-77.1374590303
-78.4418130881
-78.2268169071
-78.5930975854
-76.7644300719
-79.4863928732
-89.7895124316
-92.2283427344
-78.5451668325
-76.9888024949
-76.6626568247
-79.2093256938
-76.8639462390
-86.5560764942
-81.3773953999
-76.8639355444
-82.6091860513
-82.9803670651
-76.9888014881
-77.2109786928
-76.9888261126
-80.0683296005
-94.5103807123
-82.9737596468
-76.9887752384
-85.3678124984
-78.7673523824
-77.2110044215
-78.3196331984
-84.8935308472
-77.2110487093
-78.3196328956
-77.2109883985
-78.5452039198
-78.7673497523
-81.0529762818
-83.2906774615
-76.6626438931
-76.9888022906
-78.3196268258
-76.9888107822
-83.9795627616
-83.4646132395
-76.9888045864
-76.9888066750
-90.8743265587
-76.9888214197
-78.3196245545
-81.9450751175
-79.8827024787
-82.6717502915
-81.5683213625
-76.6626525893
-85.0910984588
-78.4418198619
-81.9009273321
-82.4903457129
-79.1754734349
-78.2201430918
-84.4812856332
-84.4881820497
-81.4305581084
-85.6230001257
-77.2110067132
-82.3837832916
-79.7644216365
-81.0529911718
-76.9888286154
-77.2623062009
-88.5472635631
-77.2110108964
-81.3774352415
-84.2437002407
-79.2092785773
-81.3451020729
-81.3450928971
-86.4324224534
-77.2114383020
-78.5998282871
-78.2196507917
-78.3196259458
-78.3196390547
-77.2109884057
-78.7677946102
-83.2249388419
-77.5025547550
-76.8638916759
-86.9719856246
-81.3450923589
-77.2109886562
-81.4527258988
-76.8640335472
-77.2109901764
-77.2290604361
-92.5588467576
-88.2474909211
-76.9888085896
-81.3451028793
-76.9888100285
-78.5451790279
-76.9888057095
-76.9888057101
-76.9888057101
-77.4844823928
-79.1430063636
-83.1700328983
-80.9099678357
-83.9910130893
-77.2622899154
-80.2754147893
-77.2623071214
-87.3391325164
-76.9888133895
-81.0529567307
-83.6146004384
-91.5457396802
-82.6689131569
-91.9528492500
-81.3263944320
-77.4845117810
-77.2623605651
-77.2109327856
-77.4844972961
-77.1374470753
-79.7417593941
-76.6626623524
-80.0683273366
-78.3196338188
-76.9888097899
-79.8581843841
-78.2196474889
-77.2623143151
-78.5451727535
-81.3451022872
-78.4418341318
-91.0011421932
-81.3287320408
-78.2268320483
-77.2114762468
-82.6443687013
-86.3713932455
-76.9361650238
-83.9807501788
-83.7194314331
-80.8392043226
-86.7725740973
-78.5451761589
-79.4315101815
-77.2623217217
-77.2109519212
-76.6626868239
-81.9482504055
-76.6626920150
-81.0529768755
-79.7643999219
-79.7644049374
-77.2109596441
-78.0947845098
-77.2290526572
-80.5419491845
-77.2114202328
-77.2114218898
-76.8639345203
-76.8639265173
-77.2109863243
-77.2110054923
-78.3196329973
